Estimated coefficients:
b_0 = 7.863013698630141            
b_1 = -0.5410958904109595
